[slider_bg.jpg]
filters=finetune2=1,0.567251,0.244211,0.000000,00000000,-0.426901;PicnikTint=1,0.000000,fffff6f5;ansel=1,ffffffff;
moddate=04036a7227f9cf01
width=1260
height=520
textactive=0
